0.000000000000000000e+00
0.000000000000000000e+00
0.000000000000000000e+00
0.000000000000000000e+00
0.000000000000000000e+00
0.000000000000000000e+00
0.000000000000000000e+00
0.000000000000000000e+00
0.000000000000000000e+00
0.000000000000000000e+00
0.000000000000000000e+00
0.000000000000000000e+00
0.000000000000000000e+00
0.000000000000000000e+00
0.000000000000000000e+00
2.156099999999999961e-01
6.162100000000000355e-01
6.727499999999999591e-01
7.047900000000000276e-01
7.202899999999999858e-01
7.339700000000000113e-01
7.369099999999999540e-01
7.391199999999999992e-01
7.397799999999999931e-01
7.409099999999999575e-01
7.354199999999999626e-01
7.323399999999999910e-01
7.309499999999999886e-01
7.324600000000000000e-01
7.302699999999999747e-01
7.279900000000000260e-01
