0.000000000000000000e+00
0.000000000000000000e+00
0.000000000000000000e+00
0.000000000000000000e+00
0.000000000000000000e+00
0.000000000000000000e+00
0.000000000000000000e+00
0.000000000000000000e+00
0.000000000000000000e+00
0.000000000000000000e+00
0.000000000000000000e+00
0.000000000000000000e+00
0.000000000000000000e+00
0.000000000000000000e+00
0.000000000000000000e+00
1.000000000000000000e+00
1.000000000000000000e+00
1.000000000000000000e+00
1.000000000000000000e+00
1.000000000000000000e+00
1.000000000000000000e+00
9.834800000000000209e-01
9.841499999999999693e-01
9.833300000000000374e-01
9.837299999999999933e-01
9.826200000000000490e-01
9.832499999999999574e-01
9.832300000000000484e-01
9.831600000000000339e-01
9.837799999999999878e-01
9.831199999999999939e-01
